Number=64

Type(0)="port"
LAT(0)=40.522845
LONG(0)=-74.043613

Type(1)="port"
LAT(1)=40.5327501
LONG(1)=-74.03722

Type(2)="port"
LAT(2)=40.5659167
LONG(2)=-74.0348167

Type(3)="port"
LAT(3)=40.5466414
LONG(3)=-74.0389546

Type(4)="port"
LAT(4)=40.521637
LONG(4)=-74.04003

Type(5)="port"
LAT(5)=40.5148654
LONG(5)=-74.0447754

Type(6)="port"
LAT(6)=40.552123
LONG(6)=-74.030846

Type(7)="port"
LAT(7)=40.5033415
LONG(7)=-74.0461709

Type(8)="port"
LAT(8)=40.5139171
LONG(8)=-74.0327193

Type(9)="port"
LAT(9)=40.5331261
LONG(9)=-74.0409189

Type(10)="port"
LAT(10)=40.5118262
LONG(10)=-74.0414043

Type(11)="port"
LAT(11)=40.5372383
LONG(11)=-74.026805

Type(12)="port"
LAT(12)=40.5670178
LONG(12)=-74.0276706

Type(13)="port"
LAT(13)=40.523751
LONG(13)=-74.035212

Type(14)="port"
LAT(14)=40.5024963
LONG(14)=-74.0426875

Type(15)="port"
LAT(15)=40.522845
LONG(15)=-74.043613

Type(16)="port"
LAT(16)=40.5327501
LONG(16)=-74.03722

Type(17)="port"
LAT(17)=40.5659167
LONG(17)=-74.0348167

Type(18)="port"
LAT(18)=40.5466414
LONG(18)=-74.0389546

Type(19)="port"
LAT(19)=40.521637
LONG(19)=-74.04003

Type(20)="port"
LAT(20)=40.5148654
LONG(20)=-74.0447754

Type(21)="port"
LAT(21)=40.552123
LONG(21)=-74.030846

Type(22)="port"
LAT(22)=40.5033415
LONG(22)=-74.0461709

Type(23)="port"
LAT(23)=40.5139171
LONG(23)=-74.0327193

Type(24)="port"
LAT(24)=40.5331261
LONG(24)=-74.0409189

Type(25)="port"
LAT(25)=40.5118262
LONG(25)=-74.0414043

Type(26)="port"
LAT(26)=40.5372383
LONG(26)=-74.026805

Type(27)="port"
LAT(27)=40.5670178
LONG(27)=-74.0276706

Type(28)="port"
LAT(28)=40.523751
LONG(28)=-74.035212

Type(29)="port"
LAT(29)=40.5024963
LONG(29)=-74.0426875

Type(30)="port"
LAT(30)=40.5009858
LONG(30)=-73.9557575

Type(31)="port"
LAT(31)=40.5652451
LONG(31)=-73.973784

Type(32)="port"
LAT(32)=40.548384
LONG(32)=-73.958194

Type(33)="port"
LAT(33)=40.5193683
LONG(33)=-74.0028139

Type(34)="port"
LAT(34)=40.5692761
LONG(34)=-74.0104456

Type(35)="port"
LAT(35)=40.52795
LONG(35)=-74.0093667

Type(36)="port"
LAT(36)=40.5664446
LONG(36)=-73.9962181

Type(37)="port"
LAT(37)=40.5059775
LONG(37)=-73.952566

Type(38)="port"
LAT(38)=40.520651
LONG(38)=-73.990315

Type(39)="port"
LAT(39)=40.5025827
LONG(39)=-74.0022505

Type(40)="port"
LAT(40)=40.5238689
LONG(40)=-74.0147228

Type(41)="port"
LAT(41)=40.539517
LONG(41)=-74.0199801

Type(42)="port"
LAT(42)=40.530464
LONG(42)=-74.020442

Type(43)="port"
LAT(43)=40.5665373
LONG(43)=-73.9877551

Type(44)="port"
LAT(44)=40.56922
LONG(44)=-74.001834

Type(45)="port"
LAT(45)=40.5532375
LONG(45)=-74.0238464

Type(46)="port"
LAT(46)=40.5643086
LONG(46)=-73.9636528

Type(47)="port"
LAT(47)=40.5131497
LONG(47)=-73.9714165

Type(48)="port"
LAT(48)=40.5083332
LONG(48)=-73.9746496

Type(49)="port"
LAT(49)=40.563952
LONG(49)=-73.9829997

Type(50)="port"
LAT(50)=40.5156996
LONG(50)=-73.9935495

Type(51)="port"
LAT(51)=40.5677253
LONG(51)=-74.0084417

Type(52)="port"
LAT(52)=40.5100902
LONG(52)=-74.0171276

Type(53)="port"
LAT(53)=40.5654027
LONG(53)=-73.9572976

Type(54)="port"
LAT(54)=40.5242687
LONG(54)=-73.9996993

Type(55)="port"
LAT(55)=40.5333879
LONG(55)=-74.0146316

Type(56)="port"
LAT(56)=40.5870755
LONG(56)=-74.0023701

Type(57)="port"
LAT(57)=40.5829523
LONG(57)=-74.0055959

Type(58)="port"
LAT(58)=40.5848444
LONG(58)=-74.0058977

Type(59)="port"
LAT(59)=40.589202
LONG(59)=-74.000127

Type(60)="port"
LAT(60)=40.582689
LONG(60)=-74.002167

Type(61)="port"
LAT(61)=40.588686
LONG(61)=-74.017416

Type(62)="port"
LAT(62)=40.588189
LONG(62)=-73.9991577

Type(63)="port"
LAT(63)=40.5828272
LONG(63)=-74.0226397

