Number=15

Type(0)="port"
LAT(0)=40.522845
LONG(0)=-74.043613

Type(1)="port"
LAT(1)=40.5327501
LONG(1)=-74.03722

Type(2)="port"
LAT(2)=40.5659167
LONG(2)=-74.0348167

Type(3)="port"
LAT(3)=40.5466414
LONG(3)=-74.0389546

Type(4)="port"
LAT(4)=40.521637
LONG(4)=-74.04003

Type(5)="port"
LAT(5)=40.5148654
LONG(5)=-74.0447754

Type(6)="port"
LAT(6)=40.552123
LONG(6)=-74.030846

Type(7)="port"
LAT(7)=40.5033415
LONG(7)=-74.0461709

Type(8)="port"
LAT(8)=40.5139171
LONG(8)=-74.0327193

Type(9)="port"
LAT(9)=40.5331261
LONG(9)=-74.0409189

Type(10)="port"
LAT(10)=40.5118262
LONG(10)=-74.0414043

Type(11)="port"
LAT(11)=40.5372383
LONG(11)=-74.026805

Type(12)="port"
LAT(12)=40.5670178
LONG(12)=-74.0276706

Type(13)="port"
LAT(13)=40.523751
LONG(13)=-74.035212

Type(14)="port"
LAT(14)=40.5024963
LONG(14)=-74.0426875

