Number=8

Type(0)="port"
LAT(0)=40.5870755
LONG(0)=-74.0023701

Type(1)="port"
LAT(1)=40.5829523
LONG(1)=-74.0055959

Type(2)="port"
LAT(2)=40.5848444
LONG(2)=-74.0058977

Type(3)="port"
LAT(3)=40.589202
LONG(3)=-74.000127

Type(4)="port"
LAT(4)=40.582689
LONG(4)=-74.002167

Type(5)="port"
LAT(5)=40.588686
LONG(5)=-74.017416

Type(6)="port"
LAT(6)=40.588189
LONG(6)=-73.9991577

Type(7)="port"
LAT(7)=40.5828272
LONG(7)=-74.0226397

